10,153
10,209
10,8
10,84
10,211
10,262
10,267
10,6
10,2
10,3
9,5
9,1
9,7
9,2
9,3
8,11
8,16
8,4
8,7
8,10
102,9
102,8
102,7
102,6
102,5
102,4
102,3
102,2
102,1
102,0
101,5
101,4
101,3
101,2
101,1
101,0
100,4
100,3
100,2
100,1
100,0
99,4
99,3
99,2
99,1
99,0
98,3
98,2
98,1
98,0
97,3
97,2
97,1
97,0
94,3
94,2
94,1
94,0
92,3
92,2
92,1
92,0
91,3
91,2
91,1
91,0
90,5
90,4
90,3
90,2
90,1
90,0
20,3
20,2
20,1
19,3
19,2
19,1
12,3
12,2
12,1
11,30
11,29
11,28
11,27
11,26
11,25
11,24
11,23
11,22
11,21
11,20
11,19
11,18
11,17
11,16
11,15
11,14
11,13
11,12
11,11
11,10
11,9
11,8
11,7
11,6
11,5
11,4
11,3
11,2
11,1
10,303
10,301
10,285
10,279
10,274
18,1
10,271
18,3
